---------------------------------------------------------------
                       IRC PATH SUMMARY              
---------------------------------------------------------------
All gradients are in Eh/Bohr.

Step        E(Eh)      dE(kcal/mol)  max(|G|)   RMS(G) 
   1      -231.496244    0.185056    0.001618  0.000494
   2      -231.496127    0.258580    0.001909  0.000579
   3      -231.495990    0.344209    0.002198  0.000669
   4      -231.495834    0.442590    0.002501  0.000757
   5      -231.495658    0.552725    0.002755  0.000849
   6      -231.495462    0.676017    0.002795  0.000978
   7      -231.495251    0.808116    0.003662  0.001462
   8      -231.495142    0.876757    0.004403  0.002242
   9      -231.494494    1.283369    0.008899  0.002749
  10      -231.496539    0.000000    0.000027  0.000009 <= TS
  11      -231.494497    1.281518    0.008901  0.002741
  12      -231.495136    0.880198    0.004453  0.002254
  13      -231.495247    0.810678    0.003702  0.001470
  14      -231.495459    0.677920    0.002792  0.000982
  15      -231.495655    0.554424    0.002757  0.000851
  16      -231.495831    0.444113    0.002506  0.000758
  17      -231.495988    0.345548    0.002202  0.000670
  18      -231.496125    0.259727    0.001915  0.000580
  19      -231.496243    0.185912    0.001619  0.000493
